1595.704442 3
157.2910 2.7668
169.1157 65.2360
170.2381 12.9358
172.8887 6.2425
175.1997 21.4835
176.1982 28.8113
176.9131 5.2804
178.0717 12.5227
180.0334 14.9266
181.0875 3.0738
186.0923 42.3181
187.1385 26.7095
190.2600 10.7144
196.1406 6.6771
197.1528 103.0775
198.2287 42.9710
199.2477 8.3588
203.1705 7.1728
209.8423 11.9539
214.1308 673.6274
215.0833 216.8461
216.0579 59.1739
218.3224 5.7521
231.3474 2.5549
240.0441 26.3736
244.1325 14.3689
245.2222 2.3362
250.5810 7.8614
258.2540 47.1457
259.2791 2.3382
266.9529 7.7558
268.2184 62.3307
269.1890 48.9163
270.2521 8.0093
270.9564 9.0316
272.6072 14.1230
276.2131 210.5738
277.2121 52.0595
280.1992 3.8456
281.1223 2.9730
284.0852 17.1310
285.0749 108.8908
285.8347 51.4560
286.4709 50.9078
287.2466 22.6103
289.2076 5.5793
290.2944 7.5239
291.1017 14.2782
291.9115 27.2163
293.9102 18.2116
294.8712 91.1449
296.6783 55.6078
297.2909 42.7466
298.1528 21.7806
299.6492 125.1881
300.6324 33.7463
302.9720 12.7007
304.1718 675.0170
305.2490 236.7214
306.2241 18.8736
308.6278 228.9615
313.1661 381.8604
314.1163 341.7869
315.1915 54.4502
316.3235 13.3659
320.1083 15.1686
326.0951 60.5327
327.0314 3.4129
329.4818 13.3165
334.2458 3.8606
335.0715 6.3846
335.8491 28.2692
337.4819 3.0287
341.1223 5.3596
343.1849 5.8172
344.2688 550.3625
344.9487 74.8516
345.5757 15.1080
349.3450 7.9903
353.2397 4.1756
358.1627 506.6206
359.0320 122.9764
363.2515 10.2640
367.6532 18.1018
368.3463 25.9235
369.2143 17.2487
370.1537 33.0432
371.2368 21.0229
375.5189 27.1256
376.8050 665.3556
377.7927 79.7585
378.9883 3.7052
379.7181 14.9972
380.4663 9.0467
381.6985 5.5831
386.2237 62.7112
386.9455 21.0734
388.2821 13.5639
391.2309 60.8893
394.4496 3.6298
396.4348 163.1681
397.3065 142.5455
398.2935 100.3553
399.6183 30.5536
400.4415 41.6585
403.1970 67.5753
404.3268 264.1281
405.2874 33.8169
408.6587 36.3358
409.3213 36.2202
413.0642 13.8306
414.0668 311.2607
415.2068 290.9444
416.2783 43.8308
419.2917 307.8534
420.2618 177.5161
421.2327 34.7630
422.8802 1230.3713
424.0730 107.3305
424.9448 181.4245
426.0228 6.0205
427.0958 58.9097
428.4319 11.2435
431.4607 115.4771
432.5165 456.5992
433.3250 5.5667
435.1304 20.9532
437.1597 30.3561
439.7041 17.0854
441.3152 1142.1691
442.3410 219.0981
443.3620 99.9110
444.3827 67.8278
445.3505 12.5383
449.9586 42.4802
450.7686 6.2452
453.1855 12.7132
454.3866 15.9747
455.0463 17.7205
455.7376 2.7744
457.8388 29.2372
461.2948 1658.2339
462.2956 276.3914
463.1992 31.7016
464.6838 8.2055
467.2035 6.1646
468.3258 8.6065
469.3271 27.8354
472.9327 50.7139
473.9339 10.3684
475.1068 22.3525
477.1520 7.0522
478.2888 69.1149
479.1402 50.6492
480.3104 32.1180
481.0995 11.5385
481.8574 95.4868
482.8747 2.9874
483.4790 7.9188
484.8296 32.6254
485.9500 100.2948
486.9351 25.3936
488.4577 68.1975
489.3563 13.3100
493.8994 222.4879
495.2395 405.1049
496.2059 419.4782
497.0939 151.1453
498.5540 44.9143
501.2523 221.0153
502.8639 1281.3513
503.8279 111.1143
504.9189 72.8190
505.5955 46.9746
506.8100 18.8018
508.5014 74.0582
509.3582 9.7298
510.3221 75.6064
511.3874 39.6711
513.2557 471.6096
514.1478 653.2535
515.2396 137.2001
516.1701 7.1217
517.1111 38.1864
519.1791 184.3531
520.4626 89.6350
521.1387 227.7235
522.5516 2474.5354
523.3909 714.2473
524.4669 51.2631
526.3364 8.6507
527.3120 19.6901
528.1166 8.8518
531.8901 4.5825
534.3720 16.0271
536.3046 5.4441
537.9442 5.1504
540.4746 6.4427
543.3165 15.4945
544.3929 9.4986
545.2686 70.9575
546.3737 32.6894
548.2365 1329.6168
549.2369 986.8107
550.3339 297.4690
551.4261 67.1541
552.5957 10.0932
554.5018 137.1149
555.5624 21.7338
556.3310 2.5531
559.5346 390.2743
560.2045 37.2532
565.3591 32.3464
568.4255 1900.8438
569.2618 183.9430
570.2202 37.9124
573.2070 30.3130
574.5042 67.3731
575.4738 43.8646
576.1940 3.6376
579.2817 7.9886
580.2091 32.6877
583.3604 41.5837
583.9756 18.7907
587.2558 95.6232
588.3423 48.8082
589.0222 30.0029
592.3556 638.4832
593.3416 194.3355
594.1419 55.9739
596.9180 295.7614
597.9587 105.8338
599.1172 35.2542
605.6159 26.7598
606.9996 43.3174
608.3511 61.3195
609.2674 2.9924
611.2977 3.6334
615.2700 8.6483
616.3925 224.8704
617.2797 63.6664
618.2920 13.9742
623.4812 5.4558
624.5374 3.4198
625.3257 35.8296
626.0997 54.0734
630.5359 6.6872
637.1161 4.9433
642.2328 74.4782
643.2967 139.2151
644.3329 22.3261
647.2947 865.9984
648.3847 694.8778
649.3807 163.9568
650.1338 6.1636
650.7361 5.3666
651.8522 59.4230
652.6212 85.2100
654.8425 19.0806
660.7834 306.0621
661.7000 302.6243
662.4244 2.4990
663.5000 17.6292
672.3221 4.1774
673.0897 6.0164
680.3802 15.9379
681.5546 8.8331
682.2050 10.5823
685.4116 9.0763
691.2982 12.5259
696.3322 4.0780
697.4211 31.6887
698.4398 71.4410
699.5970 2.5604
705.4421 3.6438
706.0753 23.7325
712.2863 27.5684
715.3141 805.9835
716.3820 626.1586
717.4589 39.2809
718.2802 2.5544
725.3736 513.3623
726.2192 386.1524
728.3843 4.5055
730.3005 22.9475
731.5307 17.6754
734.6089 20.1175
735.4678 74.7885
736.5175 2.7746
737.7115 4.2836
739.1060 7.3205
740.3592 58.5215
741.3314 68.1686
743.1425 11.7982
745.0076 44.6714
745.6414 12.7400
748.3804 1267.7117
749.3438 2465.7644
750.3690 705.1304
751.5586 220.1823
752.3536 1059.2692
753.2919 395.0458
754.3169 123.8694
757.4363 62.3828
758.2937 501.6639
759.2897 126.5627
760.7498 22.2335
763.3787 2.7656
772.4822 5.1412
773.2773 33.0195
785.5878 2.5578
802.7849 11.4215
803.7359 4.7696
812.2568 7.5750
827.0017 28.5182
829.5720 11.5734
830.3802 38.7866
831.0875 6.2091
832.6878 4.9420
833.5137 23.9750
844.3950 442.4063
845.3239 169.4735
846.3338 73.4429
847.3923 641.7791
848.3826 1833.3369
849.4185 547.8095
850.5543 19.9288
851.4927 11.2471
858.4265 6.7093
859.4716 6.0072
863.4650 118.4452
864.3718 106.9458
865.2178 17.6951
866.3825 6.4338
869.1412 34.2685
870.3460 63.8973
871.6768 21.4889
876.4648 14.8996
877.3296 13.6049
881.3972 582.6129
882.2771 327.5255
883.3214 77.7128
886.3045 4.1110
887.3881 111.3522
888.4050 30.3288
889.3433 6.7267
913.4268 24.7163
914.2337 36.5034
915.4370 10.8929
916.5395 10.5572
917.3135 5.4755
918.1048 9.5165
920.6553 8.2038
927.1793 5.6285
931.1804 22.9999
945.2324 12.4012
951.5937 16.5713
955.6257 8.8334
956.4177 18.2836
961.0527 9.4785
962.3887 68.4372
963.5742 45.5409
964.7601 8.1836
973.0537 12.3025
974.4880 32.6486
980.5733 49.2611
981.4551 13.8352
989.3995 22.5970
991.3154 5.8366
1001.6721 5.1821
1004.5242 124.8127
1005.2886 68.9504
1007.2967 75.2831
1008.4783 22.0756
1018.2481 17.6820
1059.6077 3.4221
1064.2114 16.8489
1084.0034 4.5349
1174.4843 4.0748
1175.1378 2.5537
1192.3542 11.9067
1217.3469 4.0784
1303.5820 12.4841

