2109.891406 2
307.9811 63.5747
311.0168 4.3145
330.3082 16.3966
345.8854 2.1304
359.1841 26.8689
361.2743 4.7481
364.3156 3.4451
378.2228 10.3749
389.6938 12.3592
394.2182 16.4907
397.1800 8.0040
426.1562 7.2730
427.0839 9.0468
431.5119 5.8366
443.3175 5.1016
452.3324 5.2507
453.2619 24.6032
459.3201 2.3967
460.2039 6.4860
463.3748 7.1167
466.2097 6.2563
471.2739 226.5795
472.3287 96.8243
473.2067 17.6143
481.3865 10.1700
488.2640 90.1877
489.4357 32.2157
490.6638 16.8494
495.3746 4.0887
498.1810 21.7315
506.5419 4.7400
509.0096 2.7948
520.4716 7.1207
526.6779 10.1788
527.5035 14.2475
532.9550 3.9467
536.3011 14.2159
545.6663 21.6777
553.3704 8.2257
554.4608 60.9670
555.3235 30.2267
556.5269 13.1879
558.9637 7.9864
572.1915 96.2513
573.3167 28.0760
574.4452 3.0065
575.1825 9.7588
583.3722 4.0926
585.4744 7.2055
586.1810 5.4030
592.6957 16.0711
602.4144 6.2728
603.3979 107.1297
610.1125 9.0920
611.1503 14.5578
612.4503 11.6141
620.2181 11.3360
628.3030 6.5228
629.2278 6.2083
637.2916 67.4702
638.5826 39.2479
639.3069 19.2690
648.3264 4.9114
653.6150 5.8389
655.1328 52.9087
656.0414 72.7060
660.0909 9.7553
663.3260 4.9641
672.3229 18.2615
673.3519 46.5615
674.3380 15.7436
682.1952 9.3284
683.4709 14.6620
686.2683 29.2196
696.5880 4.7504
701.1292 18.1314
704.4693 232.7701
705.4681 100.0525
706.5369 30.8386
710.6232 19.9005
711.5073 6.9783
727.1505 2.4355
728.5673 8.6605
734.8433 11.2571
736.3667 8.2315
752.5095 15.5966
753.3640 3.6639
754.4748 38.1949
761.4509 12.3758
770.3656 59.3866
771.0583 5.6372
776.8657 18.8162
785.6100 7.1469
788.1860 178.5739
789.2708 43.6279
791.3057 13.2580
792.1812 7.5503
796.2781 7.3680
797.0778 5.6201
802.1075 6.0709
802.7860 9.3121
804.0541 11.3073
809.3337 14.3035
812.1083 11.9156
813.3562 22.3131
816.9136 36.9238
817.5610 101.8476
818.6442 34.2716
819.4536 8.6553
821.4487 4.3128
824.2457 8.5552
826.2513 14.2834
829.1302 14.5230
834.2947 6.4733
835.4132 16.7244
836.3108 10.3473
840.4624 9.9410
841.2798 12.8379
844.8994 4.2805
849.2905 11.4666
850.3223 5.1834
853.0922 28.7070
859.5940 7.7478
866.2968 12.5355
867.3752 23.5770
869.7051 23.3882
871.4077 89.8972
872.3755 40.7971
873.5300 14.9152
876.3058 5.4726
884.7441 83.6011
885.4543 17.8466
889.3423 8.7062
891.3168 16.4823
892.4719 16.1502
893.4771 75.2616
894.1278 5.7690
897.4418 19.4128
902.2728 230.9994
903.0225 60.9044
903.6654 9.6657
904.5780 12.5029
906.5034 15.6549
918.8763 23.1702
924.1230 11.4416
926.0317 7.1930
932.4443 161.5429
933.6234 185.3575
934.4542 17.7765
935.1423 10.2823
937.3757 13.7885
938.0814 20.9161
938.8046 9.7425
946.5422 27.3753
950.4618 10.5800
956.8933 26.7687
958.0835 14.7435
958.7816 16.2922
962.5031 31.2424
963.3611 13.2870
964.8386 38.1320
965.7070 11.0089
968.5420 2.1373
975.1580 24.8392
976.2104 26.7273
982.6600 135.9335
983.3687 14.1415
984.2913 19.0476
987.1599 26.7761
990.2445 9.9648
991.2037 6.6958
992.7390 6.7038
1000.5697 75.4230
1001.4009 83.4383
1002.3359 28.8760
1003.2769 7.8066
1008.3348 6.7228
1015.9010 47.4877
1016.6205 26.8783
1018.2036 162.9900
1019.3838 96.8219
1020.9558 10.3771
1024.2639 17.5237
1025.0339 9.7337
1028.9646 203.5787
1030.0790 39.1935
1031.2141 57.7272
1037.4338 406.5389
1038.2723 356.6234
1039.0613 125.0896
1039.7715 3.4449
1041.1465 16.4085
1046.6218 41.0600
1056.3916 25.5172
1073.6974 8.4379
1075.2827 7.9542
1076.6467 33.6003
1077.5691 17.3217
1081.2284 5.1810
1092.5735 443.9782
1093.5076 196.8114
1094.6133 71.5492
1095.4985 26.2399
1099.1980 10.3724
1118.2361 10.8291
1133.4167 2.1430
1142.0215 8.7210
1142.6582 11.9075
1143.3839 9.2827
1160.2856 75.4274
1161.0155 1.3924
1176.4066 11.4746
1178.6316 24.2788
1179.5192 15.4777
1180.5460 1.9211
1196.4005 6.0502
1198.0938 3.2313
1199.0686 14.1466
1200.6235 23.2254
1203.2510 11.9079
1204.7805 37.5207
1210.6422 17.5323
1221.5964 244.6762
1222.5237 130.0015
1223.5051 83.0237
1224.9233 8.3335
1242.6792 18.2785
1258.6501 12.2418
1275.2996 21.2335
1277.3032 9.3270
1278.3743 22.3700
1281.4130 15.6037
1287.0947 4.1025
1292.2590 22.6644
1293.7512 74.2384
1294.5205 31.4939
1295.5635 24.4257
1297.1798 20.5988
1303.0786 22.3813
1304.8571 1.9237
1317.3654 9.9322
1322.7064 450.8500
1323.5717 98.9529
1324.7045 116.9818
1325.4138 7.9077
1340.4574 11.4918
1370.1836 23.5697
1371.5469 45.9859
1375.3704 8.8731
1388.4835 104.5956
1389.4724 55.7190
1390.7031 19.0772
1394.3407 4.8112
1402.0244 12.7842
1406.3397 127.6834
1407.3807 75.1584
1408.5331 23.8053
1409.6534 14.0071
1419.6198 72.8306
1420.6716 30.7919
1421.3962 7.7863
1422.5490 7.1174
1435.6893 6.0495
1437.5007 415.7853
1438.5697 231.1593
1439.6376 65.7248
1440.6031 42.0569
1464.4087 1.7015
1471.4661 13.4097
1472.9557 12.2891
1489.5096 42.1824
1490.7006 5.8358
1491.4159 38.6287
1492.1001 2.8328
1507.6185 13.8610
1508.6804 40.6837
1509.6584 37.3307
1510.4575 53.4573
1518.0211 10.8108
1520.6559 44.7899
1521.3505 17.0178
1521.9762 22.4116
1522.7312 8.6763
1523.5161 10.4164
1538.6948 190.2747
1539.5585 253.9735
1540.7811 81.4188
1542.0372 12.7865
1569.2306 8.2211
1578.8123 8.4282
1586.3818 13.4080
1603.7220 10.3677
1604.4031 7.9319
1606.9117 3.2296
1609.9678 7.2436
1622.1166 103.7110
1622.9053 51.6785
1623.6665 30.3721
1624.6500 50.8795
1625.7142 5.8269
1631.7767 5.6113
1639.0176 153.2346
1639.8022 270.8185
1640.7275 250.9737
1641.7845 116.6986
1642.6234 20.3048
1656.8445 4.5320
1657.5065 20.0404
1658.9568 4.9640
1698.6815 3.0111
1708.4681 11.9026
1715.5056 6.8326
1717.6622 15.3237
1724.8766 15.7838
1732.2278 16.4629
1733.7745 9.5569
1735.6423 6.8836
1750.2755 7.1331
1751.2917 70.9312
1752.5074 97.1911
1753.6951 16.9706
1754.6681 5.9328
1765.6926 2.7935
1784.9041 12.5162
1785.8206 29.1384
1787.9027 2.1780
1802.6610 162.1637
1803.5681 35.9333
1804.3231 35.4666
1805.8488 6.9235
1819.0331 3.6598
1828.3337 22.9324
1829.4753 2.6943
1830.6472 10.7844
1838.2473 19.8849
1846.3964 20.5767
1847.6809 31.0406
1848.7299 46.3369
1850.7721 4.3166
1853.0441 12.1012
1864.8176 91.9009
1865.8635 41.0710
1866.7213 23.3087
1910.3846 7.9972
1927.6033 48.2145
1928.6600 34.4985
1937.8826 13.4106
1945.7706 91.5234
1946.8259 80.8533
1947.6487 32.7680
1948.8450 11.2044
1960.6389 6.5133
1963.6208 126.0634
1964.3860 92.6782
1965.5988 28.4035
1966.5183 50.5242

