1120.620776 2
157.1841 73.4173
158.2331 103.3061
168.0171 5.1961
173.2246 219.6903
174.2828 68.7372
175.2127 1188.2924
176.2170 117.4604
177.1581 18.7704
181.1042 5.1938
182.2622 62.4316
183.3117 23.4181
184.2785 31.3173
185.0300 22.8487
194.3490 25.3759
195.3221 46.1797
198.5642 13.3051
201.0971 45.9099
202.0797 31.3442
209.0887 63.8992
211.3994 4.2101
212.0942 67.3536
215.4007 6.8865
220.5802 33.0384
226.2567 207.7797
227.2500 53.6495
228.2303 21.3271
229.1235 95.3011
230.2882 22.8324
234.7656 43.9180
236.1841 13.2285
237.3172 109.9119
243.2164 24.1943
244.3537 8.9417
245.1112 25.6278
246.0445 9.4565
249.0718 21.1869
253.0633 50.2117
254.2618 216.0128
255.2030 8.3597
261.2386 18.8542
262.4420 10.0113
267.2539 14.5154
269.1085 75.0086
270.1634 97.5003
271.2336 480.6339
272.2724 101.8972
277.3307 36.9850
278.0469 16.3596
278.9893 16.2154
282.3815 18.4792
288.3248 382.9436
289.2685 108.5632
290.3151 5.2868
291.1866 23.8787
293.1212 23.9952
294.3183 17.8993
296.1823 13.2275
297.3633 12.6574
298.2926 14.2246
304.0707 14.5207
307.3610 4.6593
308.1370 23.9056
309.2581 48.6473
310.3909 22.8027
311.3646 15.7913
312.6787 113.0996
313.6750 44.2152
314.5656 22.2666
317.1733 55.8327
318.2384 7.8729
318.9397 21.2424
322.1412 5.1982
323.2576 60.8457
325.8925 72.8735
327.2178 43.9485
328.3907 70.5622
329.6806 66.9570
330.4819 27.6364
331.2319 9.0363
333.2490 18.4611
334.7640 21.7828
339.4020 13.9893
340.4391 211.9122
341.2418 48.7795
342.5294 32.6651
348.0931 27.1591
349.0762 11.2262
351.2069 25.3458
351.9982 64.1047
357.1946 181.3284
358.2653 849.3315
359.1588 134.2975
359.9588 7.3074
363.2040 33.4328
364.1300 28.1180
365.1495 13.9908
366.3052 9.4672
368.1964 141.9738
369.1203 24.6858
370.0888 30.4052
371.9482 7.8868
373.9896 69.9004
375.3769 498.1324
376.3519 119.3780
380.9880 7.3352
381.9802 22.1181
383.4504 16.2941
385.4233 361.1663
386.2955 81.3230
387.3021 4.1177
388.1034 12.6546
391.2858 100.2011
391.9744 44.0398
394.4995 150.1123
397.6104 21.7391
399.5889 350.3135
400.3248 196.4281
401.3101 54.0702
403.2932 285.5182
404.3466 59.6097
406.3179 19.0487
408.5103 253.9148
409.4263 70.1674
410.1998 49.8587
411.3026 90.1461
412.2078 16.8259
413.4050 19.0201
414.3638 26.3495
417.1804 61.5038
417.8145 62.1722
422.2570 19.8077
424.2926 40.5895
425.6664 42.4119
426.4886 25.0150
427.1200 13.7574
428.3317 20.6227
431.1825 40.6134
434.7715 21.2373
436.4213 22.3407
442.0339 202.0647
442.7627 86.8605
444.1554 37.1375
446.9564 29.7228
449.8338 11.6259
451.0789 151.0583
452.0790 25.9074
453.5317 48.1196
455.6562 55.8852
457.0471 239.1593
458.2067 114.5706
459.2902 29.1875
459.9206 12.6947
461.9411 6.2761
464.6252 39.4623
468.4736 118.6063
469.2919 97.1748
470.3262 52.7509
471.3663 267.0475
472.4552 31.3294
473.2777 7.2959
474.5855 48.6114
479.8444 11.6264
481.5599 9.6247
482.8031 50.6131
483.6863 211.0239
486.2866 408.0341
487.3064 306.1246
488.4362 365.7867
489.3579 52.7974
490.6407 21.6083
492.6058 27.6763
496.3362 6.2696
498.2542 15.9124
503.2106 6.2579
504.2474 143.1366
505.1754 44.0321
505.9922 79.7557
506.8834 60.1130
511.1716 23.0900
513.9421 233.7951
514.9670 252.0232
517.1796 6.2701
518.0175 48.9120
519.4213 40.1895
520.2183 36.8479
522.0559 209.7512
523.3049 310.7587
524.4967 62.4357
525.1811 17.4562
526.7894 20.6829
528.2476 189.4391
529.0474 77.8841
530.1638 612.3336
531.4482 1328.3223
532.5111 176.7316
533.6644 62.7730
534.5034 186.8046
535.3947 96.1831
537.2050 767.5110
538.9479 2779.5532
539.9920 473.3858
540.9221 85.7814
543.2459 1425.3207
544.1983 2158.7725
545.7401 623.5989
546.4077 424.3250
547.8105 14.3060
552.2889 23696.7441
552.9133 11075.3242
553.5375 2620.0725
554.7714 49.8771
556.5344 26.6041
558.1230 24.9539
567.5388 20.1744
572.3889 113.3470
573.1245 33.2826
574.3083 40.3996
575.3253 11.2349
580.5717 29.7879
582.3827 35.3294
589.3503 85.1494
590.4933 53.7119
598.4711 42.4785
600.5071 18.0462
605.3513 115.5226
606.3515 18.2893
615.4758 62.5019
616.3864 101.7879
617.3339 65.6732
618.3873 124.4519
619.3804 74.3551
620.4130 16.9788
623.0787 6.2650
625.0233 22.2341
632.3632 43.4329
633.3366 937.1324
634.2314 164.2435
635.4776 681.2982
636.5130 156.3837
640.2636 7.3410
641.2498 15.3714
650.2736 6.8112
650.9673 24.3425
652.2870 74.2069
657.6680 21.6579
666.4840 15.2343
668.6057 13.2283
669.4467 7.3387
670.4603 17.4675
684.9112 88.7470
686.3229 16.0382
687.5974 6.2760
688.3691 18.5640
692.6142 8.9247
701.3492 255.3953
702.4540 166.8818
703.5114 55.7892
704.5833 41.3474
706.6586 20.1893
718.4131 1008.8901
719.5184 348.1802
720.5738 171.6981
722.2872 10.0016
724.5759 20.7242
728.2941 30.7866
729.3850 498.5616
730.5709 85.3133
736.5926 742.0485
737.6428 136.5707
738.6242 83.3706
746.4099 2870.9573
747.5313 1269.0435
748.6808 204.1160
754.0959 17.0170
755.5152 13.7832
762.4705 10.0052
763.2531 26.8321
764.4703 217.2462
765.4372 188.0895
766.4095 38.4590
767.3436 19.1773
769.6762 18.6142
770.3032 8.4373
771.7371 21.6604
772.5180 120.2308
775.7367 8.9405
782.7510 6.7834
787.3736 35.4107
789.5076 201.6395
790.4540 127.8810
798.2566 263.1944
799.4450 174.5513
800.4185 15.3552
803.6567 68.9727
805.8167 60.9655
806.4700 72.6042
807.7955 9.9502
815.5206 1068.7410
816.5118 734.0007
817.2572 261.0585
818.4141 74.7814
825.5415 11.5898
832.2943 96.0398
833.5048 2578.1267
834.4399 781.9417
835.4329 311.8353
847.9554 26.9241
850.4968 1019.9282
851.5449 588.1480
852.3958 17.0462
853.4747 26.0036
855.5346 72.9587
857.8804 52.6399
859.3495 7.8516
861.8950 12.1504
862.8367 9.4832
866.4458 32.5614
871.5894 38.0144
874.2730 133.0648
883.3621 46.7558
884.4813 4.6572
885.2990 50.2423
888.6432 166.0032
894.5057 19.7038
898.3425 120.2516
899.5339 49.8383
900.6046 103.5519
901.5144 224.8605
902.4761 201.3824
903.3511 12.6911
903.9790 11.5605
910.3919 20.1960
911.5479 59.1738
912.4304 43.3910
914.0635 24.8113
915.0251 28.2349
916.4754 152.3377
917.4600 246.7763
918.4946 1623.1089
919.6030 818.1299
920.6082 273.1796
921.5571 35.0933
928.5495 273.7474
929.4786 520.2589
930.4917 218.4925
931.4510 89.1096
944.2903 24.3915
946.4709 3438.3455
947.6058 2135.4570
948.4948 819.3811
949.4557 36.4297
958.5071 12.7261
963.6666 137.9647
964.5744 2485.6216
965.5576 1264.4414
966.6255 115.1166
974.4781 55.2654
975.3247 22.0489
981.0830 12.1870
1015.4695 43.0449
1017.1153 62.9337
1017.9134 14.2850
1043.4371 34.9484
1044.4974 78.8145
1045.6008 76.9443
1046.4313 33.9650
1061.5876 1240.3663
1062.7295 774.0731
1063.6089 113.8557

