1060.524706 2
168.4991 3.5444
169.2424 2.2868
175.1324 15.5978
180.1419 22.8443
197.1127 29.5818
201.4493 2.8577
214.2044 180.9491
215.2417 30.3098
230.3976 6.6020
233.4293 15.0456
234.0436 6.5874
244.3180 8.7150
248.2142 2.6727
264.7693 4.6386
268.1635 6.8784
269.2064 8.3368
283.2764 9.8196
284.7825 2.4682
286.2170 6.3672
295.2160 14.8138
297.1126 11.7766
302.3458 11.2380
303.2549 12.8960
304.2904 229.8188
305.1276 5.3505
312.1093 3.9470
313.1967 141.5893
314.2955 45.9571
316.4201 22.6035
322.2192 26.6884
333.3069 4.4245
346.0808 6.0548
355.0323 2.2478
359.0548 10.3622
371.4480 3.5101
379.2088 26.3979
380.1078 19.0199
382.1985 6.6792
385.4588 16.5267
386.3182 22.4802
387.1689 6.8915
388.7104 14.1412
393.8806 8.7003
395.7081 10.2404
396.3130 42.0500
397.2213 48.6512
398.2434 15.1682
406.2283 13.0062
408.3862 13.9162
411.3793 13.0193
412.4523 14.8006
414.2879 120.2363
415.4621 30.7737
417.0496 8.3197
419.2584 88.6839
420.2758 8.5094
421.3442 25.6138
422.7487 28.6811
431.0082 11.5508
432.2337 2.7305
439.3334 14.4842
440.0207 2.2059
444.2427 12.3693
445.2460 18.3667
453.4840 17.9113
454.4198 46.6382
456.1910 6.1285
458.1657 7.5503
467.4185 157.4835
468.3908 3.1492
472.2920 11.1676
474.9005 9.5851
476.3892 2.7037
478.3802 33.3062
479.0272 9.3890
480.2949 14.1400
483.3021 9.7102
494.2029 4.1525
495.3243 100.6446
496.1669 89.9927
497.3892 10.6159
502.0497 8.7263
503.0308 2.6879
504.0920 7.2508
504.9515 28.3651
507.8636 15.6763
511.2642 8.9557
512.2240 75.2360
513.2755 196.9878
514.2101 44.3593
515.2613 16.4543
520.9492 26.8716
522.0064 359.5005
522.8582 12.1122
523.5139 63.3331
544.2681 4.5993
548.2152 384.8325
549.3547 78.5311
550.1401 10.8992
568.1840 8.9633
607.3069 4.2064
624.9819 34.2951
629.4120 8.5513
642.4258 26.9869
643.3215 6.1141
647.3270 316.3635
648.5086 151.7879
649.5644 45.1749
669.5098 4.8246
718.5671 16.5123
722.4156 5.5090
730.4647 38.3076
739.4065 7.5223
740.3233 37.1356
741.4235 8.4887
742.3210 2.4660
748.2789 721.3432
749.4272 155.9552
750.3900 37.5244
755.5445 9.1435
757.6174 73.8869
758.4348 107.5503
782.3353 21.3451
830.4873 10.8411
847.3816 345.1304
848.4114 187.7973
849.1528 11.7811
851.5093 5.2726
868.4417 8.5570
961.6400 8.8261
962.5398 2.6798
971.6353 14.2953
972.5178 3.7418
973.5411 4.3736

