1408.692919 2
199.1703 16.6076
200.2322 7.3096
206.4610 7.7887
208.0575 29.2200
210.1279 7.7990
215.1027 11.1383
216.2432 126.8981
226.2678 19.3343
244.4525 16.2780
245.4061 33.4752
253.8600 6.7565
256.3183 18.3976
257.3137 4.2059
262.2301 261.6714
263.0297 18.5273
268.1336 19.2986
271.0752 3.6837
277.9716 4.5457
279.1506 10.6512
281.1299 4.5390
284.3443 11.0636
289.2076 6.4950
295.1788 2.6015
297.3782 6.4942
299.2305 9.5410
300.1357 17.1862
309.3544 5.2258
310.0568 6.2743
312.3840 6.2801
317.2368 83.8284
327.1881 24.4123
328.3558 16.4847
330.2741 2.3816
331.1356 3.4600
342.0852 9.5255
343.3262 10.1651
344.9865 30.4514
353.0916 11.3749
355.3236 8.4629
361.3458 267.5373
362.1131 36.9748
370.1866 5.6669
378.1989 40.4557
385.2355 9.9820
386.5734 4.9872
387.3251 14.8948
389.1322 3.2409
391.3432 20.6418
395.2982 2.8048
396.2474 22.2861
397.4211 14.5585
398.1663 5.2216
407.2791 8.6750
410.2197 3.5008
411.1175 8.6288
413.3871 59.0607
414.3057 32.1350
415.3828 3.8914
424.2856 8.0317
426.0114 3.9338
428.4797 15.4452
430.3270 17.5074
431.3354 39.3301
440.2692 3.9052
441.2086 20.0362
443.3848 3.0221
444.2631 3.9352
456.7460 4.5531
458.4622 28.9359
459.4350 18.3528
460.1400 10.2629
461.4090 8.4604
462.2639 6.5606
463.2561 13.7644
470.1130 7.1546
472.4044 12.5886
474.0108 2.1664
476.2408 1810.1066
477.2329 462.2977
478.3866 96.5603
480.2415 10.4018
483.2654 3.9028
487.4202 7.3736
492.1215 13.4239
497.3346 5.6980
498.2936 27.3617
507.2680 6.5673
508.2568 55.8179
508.9278 35.4739
510.2428 4.3361
512.2595 17.5967
513.2633 5.6960
514.7418 12.4089
515.4532 11.4795
516.0595 24.9480
524.0082 31.1370
525.1946 115.4233
526.4548 72.4496
527.0853 11.8482
530.0108 18.6237
531.1035 9.1923
532.3691 12.3261
542.2922 135.2146
543.1253 141.6783
544.0340 107.6474
545.0797 12.0969
546.5430 13.2103
549.5935 11.0643
552.5356 9.7479
556.5838 9.5263
560.3065 278.2022
561.3949 102.2594
563.3732 11.0633
564.8242 15.8476
566.5115 6.5297
571.5546 32.2262
579.5893 135.0257
580.5547 69.1985
586.2598 11.4386
588.1750 66.5085
589.2244 679.1793
590.3650 126.5984
591.2062 32.3046
592.1462 14.5821
596.4496 11.9130
597.6242 91.9638
606.6468 12.7525
607.3345 12.0738
608.2589 7.4232
615.9312 42.8187
617.2097 17.8649
618.0863 14.2529
619.4762 5.6352
623.9455 33.3331
628.8735 33.4614
630.7433 17.1395
633.0798 14.3211
636.7014 11.9136
640.2247 11.2735
643.3472 9.1813
645.9680 49.0480
646.6761 1.2105
647.3813 34.1671
651.5419 8.0191
652.1459 11.0611
654.7977 139.6554
655.5462 21.9079
656.3397 25.2384
657.2497 5.0575
659.5177 19.3081
660.7205 7.1683
661.7500 13.7690
663.6559 15.5777
665.2003 24.9735
665.9211 43.0762
667.4898 28.2388
668.9373 42.9303
670.3256 8.0754
672.0921 36.5730
673.5861 167.8174
674.3696 73.0872
675.0312 24.3561
678.1014 49.5027
678.9741 60.6326
679.6091 19.2108
680.6602 4.4051
682.9170 45.8777
683.6323 16.3113
684.3496 9.1316
687.2689 566.6747
687.8909 418.9864
688.7339 127.0252
689.7620 124.7356
690.4780 109.7175
691.3511 33.1830
693.3420 23.6290
694.4735 19.5303
695.8696 2957.9646
696.5292 2945.8906
698.0634 32.4947
698.8672 23.0611
700.6675 10.3256
704.3993 2.1623
718.1891 16.8277
719.1348 2.8122
724.4366 14.8342
739.7392 6.3392
742.2308 15.6200
751.5352 8.8554
752.2448 3.7363
757.2726 14.2424
768.1313 22.6324
775.5547 9.5360
785.2767 159.1320
786.5948 19.0497
787.5175 40.6994
793.6678 29.6787
802.4878 146.4526
803.2031 276.5451
804.3369 199.7139
805.1381 16.6702
815.3991 43.5686
820.4415 160.3709
821.2874 28.9939
831.6198 51.8213
832.2233 12.3151
838.2828 13.8752
849.4266 852.0789
850.5016 289.2053
851.5869 26.5018
852.5897 12.3625
853.8820 28.9578
854.5919 32.4468
855.9164 7.2432
863.3418 7.4011
871.0628 11.9323
882.1614 6.1611
885.1401 22.9686
887.6259 4.1068
888.8570 42.7249
889.5629 13.6009
895.4987 3.5247
897.3640 24.5539
898.3438 199.9498
899.5884 79.0676
900.5237 81.0303
901.2961 10.4016
905.3605 31.7720
915.3721 431.7824
916.3582 717.4339
917.4211 318.4725
918.4608 54.2427
919.9610 14.3084
931.2988 7.5805
933.3731 393.3441
934.4783 254.9174
935.4888 42.8272
952.7338 3.9315
960.4082 7.0711
964.5826 16.0279
965.4116 11.4484
966.7454 8.8099
968.6370 8.4537
978.3686 366.2087
979.3959 95.7495
980.3711 15.6004
982.5768 3.2797
1003.3157 4.1816
1005.3828 15.1725
1014.3658 13.0336
1016.7974 17.3406
1021.5046 11.3227
1030.3105 58.1884
1031.3198 95.9217
1032.4978 67.3111
1033.5400 9.9753
1034.3352 5.3071
1044.5684 8.5979
1048.3289 150.0151
1049.3629 164.6942
1050.3599 3.2435
1057.5364 13.4619
1075.8618 6.0789
1076.6555 3.7531
1077.3528 18.4715
1086.2653 4.1192
1092.4800 238.2470
1093.5389 256.8591
1094.6063 19.8165
1111.3975 11.0664
1112.2654 19.2929
1113.4427 17.6979
1114.4933 7.1250
1115.7032 6.2929
1129.4102 86.5841
1130.4556 221.8968
1131.6146 84.3691
1132.2292 5.2662
1147.4961 257.9595
1148.4280 110.6900
1149.5394 5.2000
1176.2372 127.7845
1177.3679 75.8224
1178.5356 22.4668
1193.4594 759.6838
1194.5720 513.2741
1195.5349 58.4852
1199.5547 11.2726
1203.1833 3.9033
1228.5286 38.2032
1244.7710 78.7592
1245.6395 16.0148
1246.5817 38.9567
1260.4299 13.9010
1262.4005 129.2578
1263.4015 59.0674
1264.4203 39.0469
1281.3727 10.6345
1301.2910 3.2503
1319.4659 33.1040

