1595.701146 3
169.1814 43.9758
170.1721 9.8992
175.3441 118.6996
176.3010 17.6490
177.1413 8.6360
177.9606 1.9046
180.1721 30.3839
186.2018 36.6445
187.1816 12.2737
188.3796 5.3863
189.2857 11.0233
194.3531 12.3223
197.1302 201.4313
198.0956 63.9294
199.1549 9.9146
201.1141 40.8311
202.2621 8.5735
203.2482 8.1475
210.2858 2.5584
214.1253 1122.4796
215.1662 395.9193
216.0540 69.2917
229.1529 5.2231
231.7806 4.5038
239.9752 17.7217
240.9350 4.5157
244.3170 4.1503
248.9641 6.6595
251.0880 6.9645
254.1423 9.4906
255.2418 4.3916
258.3117 112.4217
259.3624 14.1699
260.1440 13.9428
263.2695 2.7786
265.0042 4.9526
268.1981 112.8270
269.2297 33.6715
270.2131 13.4255
271.1852 4.0771
272.2478 18.1594
274.3229 17.9093
276.1224 138.9373
277.0766 2.7755
281.4061 10.0924
283.2311 6.4316
284.8243 66.8723
286.2242 133.1040
287.4025 39.7390
289.4446 14.4770
290.5735 41.2850
292.1725 25.3708
294.8569 121.5375
296.8917 209.5783
298.1983 7.5564
299.8640 139.9896
302.1979 2.7773
304.2176 1267.7960
305.3121 462.8330
306.2943 89.8167
307.0963 8.1195
308.6805 363.0811
309.6088 20.9732
311.9064 6.1703
313.1531 915.3438
314.1790 411.0462
315.2325 152.3072
316.3104 44.1171
317.2199 7.0829
325.0045 7.7845
326.3176 56.5642
327.2745 7.9709
329.2870 4.2845
331.2936 1.6898
335.7224 30.5076
337.2656 8.8926
340.2037 32.8783
341.9770 28.8564
343.5820 16.5512
344.2443 424.8076
344.8956 107.8823
346.3735 3.4184
349.2673 60.1645
349.8691 4.4734
350.7360 8.6222
353.1050 14.8055
353.8920 5.6246
355.9939 12.6801
358.3173 280.7672
358.9291 7.2131
364.1324 15.8535
367.3569 7.5593
368.7085 96.1646
370.4017 63.4477
375.2821 5.9827
376.8113 804.5570
377.7797 51.4548
379.8238 43.8633
381.4849 19.6784
382.2733 4.7237
383.1465 8.6295
383.8628 7.3314
386.3876 74.0007
387.2493 35.2851
388.3633 8.6379
389.8472 24.3981
391.0269 60.3767
392.3232 30.8585
393.2462 5.0191
396.1226 162.2822
397.1614 321.7175
398.1790 172.1457
399.3932 4.7968
400.6357 10.5946
402.7777 67.2605
403.5328 17.2772
404.3788 153.1194
405.3547 27.9245
408.6719 14.6957
410.8667 23.4085
414.0790 782.4651
415.2457 346.1891
416.3049 57.6700
417.2442 22.3459
418.0978 22.1045
419.1628 485.4317
420.2768 386.1861
421.4124 78.8193
422.9084 996.3065
424.6492 215.5840
425.7543 48.0768
427.2596 22.7444
431.1221 53.6550
432.2827 348.2374
433.1454 64.1303
434.4279 34.8915
436.7418 55.4242
438.0184 33.4880
439.3212 12.3930
441.3902 946.7818
442.2332 174.5047
443.1970 116.9757
444.1265 67.5240
445.3776 8.8427
446.5078 2.5634
447.3079 16.7929
449.6337 5.5947
451.1428 4.1218
452.3204 3.2127
454.4798 4.7609
457.3329 26.9518
458.3795 7.5407
460.1553 8.2634
461.3141 1563.0671
462.3640 389.1793
463.3242 86.7104
464.3101 2.9966
466.1757 25.5937
467.3001 18.4055
468.2736 29.8157
469.3561 6.6244
470.6099 9.1839
473.1476 78.1734
474.2540 27.1035
476.2571 27.4015
477.3645 32.3664
478.1441 119.2223
479.3212 78.4368
480.4294 48.9457
481.8586 174.5825
483.1533 73.3269
484.6016 59.2753
485.3152 73.2972
486.2781 33.1273
487.4399 29.4159
488.9091 119.2354
491.1580 20.1150
493.7315 224.6027
494.5463 41.0747
495.2571 341.1059
496.3559 490.4305
497.2601 352.6558
498.1905 78.3059
499.5890 2.9978
501.2982 141.0112
502.7336 702.2921
503.3480 485.4389
504.3392 84.9060
505.5873 59.8875
506.5327 21.8303
507.4230 25.8736
509.1799 55.4971
511.0201 37.3478
511.6982 13.6372
513.5018 1077.6147
514.3384 853.1050
515.2560 306.0574
516.3599 34.2304
517.2657 25.3297
519.3148 278.5898
520.8332 347.9955
522.5532 3947.8315
523.4661 867.5013
524.8085 84.0152
526.5013 127.5436
530.6797 7.9930
533.4548 8.8483
537.2896 10.5159
539.1801 4.5216
544.2126 26.6306
545.1807 2.1286
545.9050 24.0670
546.9702 2.8010
548.2225 1850.5139
549.3121 1546.0391
550.3557 394.2003
551.5087 93.9444
552.2028 4.4468
554.2169 103.2185
555.1561 78.8357
556.4510 5.6011
557.3958 8.4233
558.0312 16.0498
559.5016 426.0567
560.2513 46.8728
563.6095 7.7829
565.4285 8.8643
568.2662 1069.7205
568.9060 885.9550
569.8800 45.7548
570.7927 8.3967
573.3145 17.6309
574.2737 55.7578
575.3810 25.8320
576.3954 28.2893
579.0291 2.1276
582.8073 7.9718
583.9285 62.7792
587.7313 100.0404
588.9489 25.9900
592.2034 654.9626
592.8321 46.8035
593.4695 152.1087
594.3900 68.9738
597.1046 240.1306
597.8849 54.6159
599.1877 50.4242
600.3593 33.7307
601.2267 15.9966
603.2763 15.8641
606.3213 50.2893
607.1425 22.3315
608.5624 19.1421
613.3549 10.4057
614.5641 2.9248
616.2014 131.1579
617.3947 58.9038
618.2259 22.8747
621.9947 16.5889
623.9016 35.2439
625.2548 117.1095
626.2878 93.4926
627.0104 27.5303
629.2696 2.5672
630.2186 11.2131
631.9642 17.0794
632.9066 2.9893
638.9178 6.4621
640.2429 20.6118
641.4426 7.7969
642.3166 120.0381
643.3619 186.4784
644.4083 35.2613
645.3232 14.8908
647.3073 919.1292
648.3764 1267.1001
649.3062 447.8911
650.5497 73.2983
651.7314 21.4225
652.4841 24.7852
653.4888 36.1519
654.4327 10.8344
656.9785 16.0493
660.7173 295.5980
661.4120 288.4434
662.2936 5.7400
668.8163 5.4717
670.0102 24.0645
675.2292 6.1518
680.0201 25.0986
681.4495 3.2110
682.3148 8.5637
685.3157 8.0935
687.3044 13.3944
695.5394 14.2536
697.4603 25.5447
698.2811 42.3089
699.0870 35.4543
700.2034 10.1637
701.5552 7.1762
704.4365 28.0427
705.1827 56.5178
706.0383 32.6557
707.7875 3.4253
708.5396 14.4325
709.1668 3.1689
715.3367 811.0685
716.3719 613.9952
717.3473 262.3029
719.4954 27.8471
722.5869 26.5226
723.2417 19.7278
725.5374 611.9456
726.5849 119.2479
728.6090 15.4142
730.1596 14.8330
731.4938 73.8682
732.5533 18.5999
734.4130 93.3222
735.1628 87.3754
736.2200 7.5349
738.3560 4.5325
739.5234 39.6807
740.3850 94.3531
741.2697 71.5296
742.4430 5.1699
745.3414 24.1168
746.1363 20.6014
748.3094 1899.0044
749.3820 4375.5684
750.4128 1368.3115
751.6751 407.8695
752.4268 744.0881
753.3298 379.4231
754.3034 199.9712
755.3600 19.0658
757.1092 261.2202
758.2363 835.3558
759.2525 233.1634
760.3362 46.8549
761.7568 12.9412
763.6442 36.1591
801.2636 12.2205
802.3952 25.5556
808.0291 9.2975
826.4211 7.3523
829.5709 14.8373
830.4653 56.6661
831.1768 2.1915
832.4749 19.3956
841.3572 4.7451
844.4954 341.2138
845.3211 83.2927
846.7390 72.5939
847.3802 655.0246
848.4656 2805.4919
849.4429 931.6143
850.4609 220.4674
851.4385 39.7951
852.5552 5.2230
859.4726 2.3226
861.6121 8.6387
863.3977 228.7893
864.2929 88.9501
865.2170 22.7081
869.2554 22.9659
870.3386 4.9766
871.0118 8.0301
871.6207 1.9081
876.2412 15.1469
881.3267 514.0590
882.4460 207.4596
883.3115 112.1421
884.3373 31.3007
885.6808 10.0317
887.3889 72.6817
888.5469 15.9756
890.5212 10.4254
910.6281 7.9638
913.4651 8.5501
914.4046 4.7329
916.3644 11.0162
926.6971 13.4045
930.9755 17.5714
944.8898 32.2228
945.5980 1.3873
946.6469 17.0047
953.1776 2.7793
955.6500 13.6193
961.8228 10.3652
962.4576 222.5613
963.6169 43.8268
964.3293 14.6612
971.9868 19.4506
972.8033 5.8280
973.5308 19.2459
974.3037 5.2266
974.9958 7.9794
976.3323 12.8116
980.5989 4.7557
981.3559 2.5622
982.2275 10.6499
987.3918 14.4825
990.3906 14.6989
1003.4271 11.3722
1004.3856 160.5966
1005.4087 92.2844
1007.6832 17.8294
1008.4826 7.0789
1009.3687 13.7963
1010.1868 12.6583
1047.5505 13.8447
1064.5634 6.6700
1137.7235 11.7449
1174.4246 21.7734
1192.5924 6.7663
1193.8563 5.3844
1232.8519 5.5997

